Error training model GTGAN on dataset Energy: float division by zero
Error training model LatentODE on dataset Energy: Expected parameter scale (Tensor of shape (1, 64, 6)) of distribution Normal(loc: torch.Size([1, 64, 6]), scale: torch.Size([1, 64, 6])) to satisfy the constraint GreaterThan(lower_bound=0.0), but found invalid values:
tensor([[[8.0008e-03, 5.0772e-03, 7.2962e-03, 2.5843e-02, 1.4405e-02,
          3.7203e-03],
         [1.7593e-02, 1.1225e-02, 9.4887e-03, 1.1069e-02, 4.2216e-03,
          3.2201e-03],
         [5.0038e-02, 2.1359e-02, 6.3808e-03, 1.5059e-02, 7.2210e-02,
          2.0285e-03],
         [1.5717e-02, 5.7496e-03, 2.6734e-02, 5.1956e-02, 3.8469e-02,
          1.8539e-02],
         [4.6342e-02, 7.9837e-03, 2.2612e-02, 3.7602e-02, 1.3501e-02,
          8.9464e-04],
         [1.8242e-02, 4.0766e-03, 1.9618e-02, 2.2035e-02, 1.2641e-02,
          6.5604e-03],
         [6.9122e-03, 1.1487e-02, 1.1970e-02, 1.4329e-02, 7.4641e-03,
          2.9057e-03],
         [6.7135e-03, 1.5009e-02, 1.1006e-02, 2.1543e-02, 1.5322e-02,
          9.1284e-04],
         [1.5988e-02, 9.4313e-03, 1.4758e-02, 1.3503e-02, 9.5703e-04,
          5.2810e-03],
         [6.2035e-02, 2.3597e-02, 1.3558e-02, 1.4230e-02, 2.9604e-02,
          6.7709e-03],
         [1.2024e-02, 1.3271e-02, 1.4687e-02, 2.0324e-02, 1.0447e-02,
          5.5803e-03],
         [1.6215e-02, 1.4843e-02, 1.2519e-02, 1.4367e-02, 9.7425e-03,
          1.9095e-03],
         [2.5346e-02, 2.4287e-02, 3.0738e-02, 3.4197e-02, 9.5568e-03,
          1.6987e-02],
         [2.3679e-02, 2.4347e-03, 1.9835e-03, 4.1252e-04, 1.3931e-03,
          2.3500e-03],
         [1.4645e-02, 7.4357e-03, 9.0170e-03, 1.8672e-02, 7.6523e-03,
          2.7714e-04],
         [2.5550e-02, 7.2944e-03, 2.1630e-02, 3.7506e-02, 3.1508e-02,
          1.3342e-02],
         [1.7456e-02, 1.2927e-02, 7.1333e-03, 1.4677e-02, 1.1663e-02,
          8.2194e-04],
         [6.6345e-02, 5.0526e-03, 9.3555e-03, 1.0065e-02, 7.7039e-02,
          5.0779e-03],
         [2.1074e-02, 1.0858e-02, 1.1896e-02, 8.0887e-03, 1.8645e-02,
          3.0846e-03],
         [1.1138e-02, 8.2332e-03, 2.5290e-05, 1.5747e-02, 1.0081e-02,
          6.6980e-04],
         [1.6301e-02, 1.4888e-02, 1.3069e-02, 1.2073e-02, 1.0665e-02,
          4.9277e-03],
         [1.2279e-01, 1.6141e-02, 1.6361e-02, 1.6127e-01, 3.8942e-02,
          9.0889e-03],
         [7.9089e-02, 2.2912e-02, 1.2844e-03, 7.8117e-02, 5.5315e-02,
          1.8189e-02],
         [1.5139e-02, 5.7829e-03, 5.7468e-03, 2.2340e-02, 3.4183e-02,
          3.0991e-02],
         [2.2324e-02, 1.5184e-02, 1.4292e-02, 1.3348e-02, 1.4430e-02,
          8.5706e-04],
         [1.0350e-01, 1.3776e-02, 6.4042e-02, 4.1551e-02, 3.2299e-02,
          7.5627e-03],
         [1.9776e-02, 1.3180e-02, 5.4530e-03, 1.6108e-02, 1.5948e-02,
          1.9404e-03],
         [3.1663e-02, 5.6874e-02, 5.5973e-02, 8.0435e-02, 6.4482e-04,
          1.1935e-02],
         [6.4503e-02, 8.2469e-03, 1.3642e-01, 3.5047e-02, 1.2721e-02,
          1.3919e-02],
         [1.2358e-02, 1.0216e-02, 1.2137e-02, 1.5026e-02, 1.4718e-03,
          3.5575e-03],
         [1.4089e-02, 1.3098e-02, 6.9591e-03, 1.4646e-02, 1.1001e-02,
          3.4033e-03],
         [2.7293e-02, 2.2212e-02, 1.6286e-02, 4.4690e-03, 2.2480e-03,
          0.0000e+00],
         [9.2827e-02, 1.7574e-02, 3.2132e-02, 2.2518e-03, 1.3554e-02,
          4.5375e-03],
         [6.3298e-03, 1.3765e-02, 1.8550e-02, 1.9695e-02, 5.8155e-03,
          1.5359e-03],
         [1.8001e-02, 1.5230e-02, 1.2402e-02, 1.7181e-02, 1.8245e-02,
          2.5617e-03],
         [1.4545e-02, 1.2019e-02, 1.2225e-02, 1.2962e-02, 1.2207e-02,
          1.9000e-03],
         [1.5152e-02, 1.0878e-02, 7.5476e-03, 1.1520e-02, 2.0222e-02,
          1.9735e-03],
         [1.8767e-02, 1.2392e-02, 8.0210e-03, 1.2651e-02, 1.2867e-02,
          1.2138e-03],
         [2.9066e-01, 1.8760e-02, 1.6257e-02, 1.5887e-01, 8.4383e-02,
          2.7305e-02],
         [2.7493e-02, 5.2865e-03, 1.0475e-02, 3.8999e-03, 2.2455e-02,
          5.5126e-03],
         [1.9135e-02, 8.5669e-03, 5.3303e-02, 4.7034e-02, 2.4012e-02,
          1.3891e-02],
         [6.1134e-02, 1.3190e-02, 1.8869e-03, 5.6824e-02, 2.1324e-02,
          6.9473e-02],
         [4.7078e-02, 2.1499e-02, 1.7460e-02, 5.5226e-03, 1.2679e-02,
          1.4514e-02],
         [1.7829e-02, 1.6090e-02, 1.2532e-02, 1.4257e-02, 1.3624e-02,
          2.4502e-03],
         [8.3278e-02, 2.4180e-02, 9.3809e-02, 2.0562e-02, 4.5395e-03,
          4.1849e-03],
         [2.5790e-02, 3.2076e-03, 2.0932e-02, 3.9125e-02, 1.4066e-02,
          4.2597e-02],
         [7.6725e-03, 1.6187e-02, 5.9691e-03, 3.3229e-02, 2.5382e-02,
          3.3592e-03],
         [2.0655e-02, 3.3493e-03, 4.0683e-02, 1.2589e-02, 2.2860e-02,
          2.8047e-02],
         [4.7318e-03, 6.4312e-02, 4.4125e-02, 6.1544e-02, 2.2285e-02,
          1.1053e-02],
         [1.3034e-03, 1.9847e-02, 2.5498e-03, 3.8993e-02, 2.4736e-02,
          4.6393e-02],
         [9.2299e-03, 1.2635e-03, 8.0822e-03, 2.5158e-02, 3.4763e-02,
          2.9464e-02],
         [4.5895e-02, 5.9910e-03, 6.7225e-03, 4.3151e-02, 1.5344e-02,
          2.8603e-02],
         [1.6768e-02, 1.1745e-02, 6.7217e-03, 1.4242e-02, 1.1634e-02,
          4.6409e-04],
         [2.5533e-02, 2.6305e-03, 8.1698e-03, 1.6489e-02, 2.7466e-02,
          1.7277e-02],
         [1.3774e-02, 1.3535e-02, 1.7535e-02, 1.7907e-02, 4.2436e-03,
          3.8971e-03],
         [9.6732e-03, 1.0509e-02, 6.8606e-03, 1.4924e-02, 6.4370e-03,
          2.0861e-03],
         [3.7281e-02, 1.5386e-03, 4.0557e-02, 3.7010e-02, 1.9276e-02,
          4.9634e-03],
         [1.4591e-02, 9.4864e-03, 1.0601e-02, 1.4964e-02, 2.1709e-03,
          3.1968e-03],
         [3.5250e-02, 1.2104e-03, 1.8528e-02, 3.1756e-02, 3.0085e-02,
          1.6778e-02],
         [1.6329e-02, 1.4171e-02, 1.0001e-02, 1.4609e-02, 1.5147e-02,
          1.6133e-03],
         [2.3191e-02, 1.8281e-02, 1.5237e-02, 6.4980e-03, 1.8284e-02,
          2.1849e-02],
         [1.9259e-02, 1.0665e-02, 7.4259e-03, 1.0761e-02, 1.1251e-02,
          1.2032e-03],
         [2.7210e-02, 1.2937e-02, 1.1331e-02, 1.0361e-02, 1.3457e-02,
          1.7750e-03],
         [1.0976e-01, 1.4793e-02, 3.3293e-02, 1.0241e-01, 3.1799e-02,
          8.6825e-02]]], device='cuda:0', grad_fn=<AbsBackward0>)
Error training model LatentODE on dataset AirQuality: index -1 is out of bounds for dimension 0 with size 0
Error training model LS4 on dataset AirQuality: Invalid number of data points (0) specified
Error training model LatentODE on dataset AirQuality: index -1 is out of bounds for dimension 0 with size 0
Error training model GTGAN on dataset ETTh1: 'int' object is not subscriptable
